33 8955
78 9723
43 4407
-61
-73
-19
49 1326
-36
-37
-66
17 5236
92 2199
55 7250
76 8275
-28
81 7061
56 3346
-23
63 4034
85 8060
41 1081
94 4132
-54
-89
-84
54 5656
-77
33 1423
-23
70 9037
55 4213
-90
45 2230
51 6576
59 2448
97 3738
71 633
43 7097
-35
94 9363
52 7503
-72
7 579
23 7866
-67
94 1841
-77
-19
84 162
35 2655
-55
-71
5 3088
45 4490
-39
22 870
-35
87 1696
61 1639
68 4884
50 6005
57 9472
-7
-10
-48
48 3656
20 830
-29
76 6455
65 6280
95 4949
26 4692
13 758
83 2764
16 1656
37 6660
-17
4 1818
81 2136
-30
62 2344
24 3956
45 9799
39 6337
47 6522
69 4780
50 162
85 6751
33 2302
-32
-7
21 6714
-70
98 5359
-16
97 6128
14 720
43 402
52 5405
28 3406
72 8426
52 988
5 6232
29 372
-41
39 1545
-2
47 4041
45 2299
77 6343
67 1569
44 5174
4 5397
54 7727
16 5193
83 3229
71 5892
-81
26 5214
-54
-65
95 2702
-12
47 6778
67 7358
5 9757
76 1520
28 2639
-54
25 7828
55 7942
-81
28 9015
58 4229
5 2658
40 1442
34 4887
53 7164
-80
-78
3 6389
39 4141
-24
-94
8 1308
66 8226
17 3561
76 3925
-79
-26
45 5734
1 2512
86 4401
16 2507
44 2601
-6
35 1620
-32
-1
-93
-75
73 301
98 632
-25
83 6569
13 8804
60 5474
62 8559
19 1402
54 4677
9 8681
-58
97 4607
93 7676
86 6359
-48
16 2935
-27
40 1888
-94
-20
66 2762
-6
27 7226
87 3511
5 8323
86 1187
85 7432
59 5710
29 9954
93 3575
62 5992
66 1990
41 4480
-49
88 1245
55 4743
21 1158
7 383
77 5960
-59
63 3303
-61
43 2411
17 2211
51 7496
-29
24 5679
69 9179
-49
-45
95 9096
66 4867
40 1198
86 7288
-89
67 1101
87 4632
53 5905
-67
46 3130
61 2420
47 875
-1
34 6059
50 8859
-74
38 6015
-70
63 1540
-79
83 891
-18
87 8168
-66
-89
-24
13 1721
84 1179
13 4426
69 7141
16 1152
35 606
-26
41 2337
58 4828
32 7312
-6
2 3855
28 7822
-4
26 5699
-48
-75
-35
31 4577
63 3175
3 8067
-82
-67
-88
11 1347
24 7326
72 4924
9 2655
-84
92 6674
71 4623
-35
30 4145
-1
69 4828
53 7927
41 7143
49 9395
34 5510
-54
50 9665
-48
93 3016
81 2271
20 8307
-39
88 6925
-46
92 7974
34 9861
18 6992
38 7581
31 1695
53 2501
25 3640
-26
91 2733
23 7909
58 4105
19 7515
-96
-88
96 2194
57 9962
84 5421
17 2237
83 5628
-74
-8
22 2334
-73
71 1346
73 698
-66
2 3730
-61
-82
-43
-54
-71
-25
-72
85 3188
86 4312
-95
-79
51 7500
-45
45 6110
-50
36 4017
56 7590
93 5483
-23
83 6916
69 5234
72 1167
-20
-26
22 3565
29 2633
21 4160
-69
4 841
6 3812
64 1665
8 7384
-28
-72
20 2382
12 1795
51 4895
64 2750
37 9337
17 1876
65 1618
-7
19 8453
68 5380
40 931
39 5638
9 4743
92 3700
55 9504
24 9246
45 4173
36 2728
-65
47 9769
46 4848
63 3144
93 2560
2 3748
45 1044
-65
-50
30 5951
17 2910
13 8058
38 3880
37 629
-38
61 8023
52 1151
-14
52 3539
15 2647
87 5837
94 3737
83 8525
53 8691
74 524
17 5530
59 1189
-90
44 3216
43 1391
33 2003
11 809
82 8734
27 187
68 2515
34 3522
24 6648
-34
53 307
40 8356
43 5464
81 5517
33 2714
52 4580
18 5296
68 4813
55 6685
84 2816
9 8804
18 4328
-42
20 4273
-46
52 1949
20 8697
-59
53 8822
-76
-71
-28
8 6480
-87
36 7859
-6
-4
72 6231
-4
92 7677
47 7408
32 7485
40 223
87 3185
-48
35 5479
52 2703
96 6320
-50
-16
72 4962
74 1876
74 9719
-47
-92
5 7707
76 2741
13 4752
78 2568
-47
-85
10 4206
42 3436
84 6845
77 8967
93 2341
40 7028
9 2450
10 2068
3 7235
35 3560
-38
27 7942
55 4693
-47
-24
-41
68 2531
-50
48 8846
-25
-76
26 1546
90 5356
86 7641
97 622
48 9429
-97
97 6159
33 4428
-40
-31
11 8489
60 4698
-25
39 7155
67 8056
-48
70 8858
25 4228
65 829
13 1050
-56
94 8976
70 8731
-14
91 7347
27 3560
71 3129
74 2100
82 9659
57 8528
74 2944
85 4699
-76
-48
18 693
92 5337
7 8816
3 8612
42 4719
73 5523
30 918
28 941
71 982
-17
73 3018
82 2083
-33
97 4016
11 5797
19 9771
-45
31 2836
70 4014
-47
-32
77 3780
20 5572
9 5762
45 8215
85 4446
-65
45 8522
-3
93 9526
-20
13 4481
-79
62 4115
30 6852
69 6525
-79
23 2582
-6
34 462
2 9452
82 3600
32 2907
-73
55 5656
31 7464
62 6183
15 8400
12 2566
28 1210
37 7748
24 7951
41 1835
-12
-23
-43
75 2264
80 3825
79 5851
-19
17 8286
83 6151
24 4819
66 9247
32 3905
87 7392
-80
75 6577
-7
-86
90 3162
-74
44 2153
45 5651
65 5836
70 8820
43 1491
88 258
65 4722
27 415
45 225
42 9381
16 500
4 3970
-81
64 8817
-76
39 9586
-3
84 7174
91 689
8 6487
-41
49 6228
31 6377
-36
-22
96 7730
-5
-43
-87
56 6842
-40
14 940
-40
86 7348
12 333
64 7543
77 7100
-91
-75
69 5108
-21
28 2536
-22
22 1743
36 7337
20 8602
-88
-20
29 4989
38 2485
-3
15 9486
62 9108
-41
13 6045
41 3994
-66
-75
45 5880
-56
81 162
-48
1 7325
-96
79 8049
26 4263
8 1530
81 370
4 34
68 8821
-59
45 9854
-19
62 563
-29
86 487
86 7947
5 1302
-11
-93
-75
22 1623
41 3970
49 3606
68 9863
-93
6 461
32 6879
-71
53 548
19 5437
91 6140
4 9552
35 1352
24 5847
69 8214
49 1396
-16
10 4731
59 5131
-78
69 6788
27 9926
25 8179
70 1270
-5
89 2276
61 8033
-18
-23
67 4762
-55
79 1022
28 1721
-85
-4
-24
40 824
63 8774
48 3428
96 7190
18 2241
62 1885
23 6942
-79
92 8639
26 8260
51 3904
-37
57 8711
70 394
-82
-79
20 3031
42 3655
65 5575
-73
43 3358
55 9214
84 752
12 3213
13 8858
71 5111
-88
-15
-21
71 5021
17 2690
61 3265
44 5382
70 6611
-30
82 5211
58 2014
88 5137
51 6479
56 120
42 3444
53 9022
68 2731
32 3834
72 2513
53 2927
-51
32 7699
51 1642
57 5042
34 8703
92 6205
-83
54 4933
44 1454
33 637
47 8245
49 6595
-13
-7
92 8466
45 1739
86 448
92 3560
-12
79 6827
-79
-51
84 2046
-19
29 2066
15 3589
43 1198
-40
86 9319
97 3744
93 3427
19 666
31 6776
-54
-92
91 1331
-70
70 1594
2 3906
59 2391
79 6029
-58
56 2356
-74
33 6795
33 914
-14
65 3123
76 2096
67 333
-69
77 9735
80 534
-83
50 5513
5 9584
42 7351
25 8541
79 873
31 6785
60 7566
-26
82 8034
-95
37 4622
-39
-75
92 3850
90 2234
-49
75 6755
77 7762
70 3994
63 4015
-72
-93
-32
39 1641
84 6878
98 7617
56 6691
57 9465
66 5733
14 8520
-6
-94
54 1998
-25
-1
66 8974
-84
30 7302
37 319
22 6299
60 6412
-79
92 9353
-8
-9
-71
16 1016
55 3707
12 6717
-78
60 5003
90 1395
27 8495
-92
13 7181
-96
40 6637
-60
-15
14 3694
-66
-88
-45
86 2626
-78
36 103
-44
-69
-23
-65
-28
78 7273
62 5605
52 7900
93 9485
-13
36 1849
-66
-61
73 4776
-16
-43
32 3804
30 5913
29 4980
40 1852
22 9866
46 5584
50 5000
73 6972
-36
84 607
-74
1 9374
89 6255
58 3288
66 3680
63 7753
13 1399
7 7254
98 5819
2 3229
50 5528
24 9806
62 9874
84 4682
14 5174
57 4798
47 7285
-42
78 1478
43 5165
-61
49 2239
65 3841
33 4740
-82
57 5224
25 3223
44 6225
18 6558
60 7208
61 9360
-17
-47
81 7820
13 7335
31 6191
34 232
12 945
70 929
93 3659
20 4618
58 6216
-47
-88
1 7289
22 4044
-3
44 2434
-59
81 5653
81 2003
-57
67 5189
78 619
8 1560
96 5110
-70
58 8705
-75
54 9878
23 5793
68 8755
-70
59 7786
93 9840
19 3136
1 1171
2 966
55 9111
70 7284
52 2413
-3
-74
50 3262
98 5988
-39
82 9859
23 4252
82 4541
55 9869
69 7390
-73
61 8874
57 3716
90 228
30 3806
80 3782
-19
-6
85 1297
41 263
34 2175
74 408
40 5197
60 847
27 9576
-73
74 1396
10 2752
74 406
23 8987
64 8375
49 3489
-38
27 9033
19 635
40 6393
57 8188
56 5613
77 628
-32
-87
94 2909
4 9764
-79
43 9815
-7
82 2890
5 1643
14 4862
36 9796
38 8946
3 6620
80 3962
27 7167
74 5518
-93
